555551|333331|222221|2|5|30.0|Cancelled|2023-07-25T09:54:30.640|444441|300.0
555552|333332|222221|2|6|30.0|Completed|2023-08-25T09:57:30.640|444443|360.0
555553|333333|222221|2|6|30.0|Completed|2023-08-25T09:59:30.640|444443|360.0
555554|333331|222221|1|3|30.0|Unsuccessful|2023-08-02T21:17:36.885|444441|90.0
555555|333331|222221|1|2|40.0|Created|2023-07-23T21:35:49.340|444442|80.0
555556|333331|222227|1|3|30.0|Cancelled|2023-07-25T21:41:14.904|444447|90.0
555557|333331|222226|6|4|15.0|Completed|2023-10-23T21:44:37.615|444448|360.0
555558|333331|222227|1|2|10.0|Unsuccessful|2023-10-22T21:47:49.658|444446|20.0
555559|333331|222227|1|1|10.0|Cancelled|2023-11-22T21:48:24.584|444446|10.0
555560|333331|222227|1|5|30.0|Created|2023-11-19T03:52:05.951|444451|150.0
555561|333331|222221|2|5|30.0|Completed|2023-09-19T11:41:00.272|444441|300.0
555562|333331|222221|1|2|10.0|Created|2023-08-30T11:56:12.958|444452|20.0
555563|333334|222221|1|1|30.0|Completed|2023-05-31T17:03:53.662|444441|30.0
555564|333334|222221|1|1|20.0|Completed|2023-06-30T18:01:22.106|444449|20.0
555565|333335|222222|1|1|40.0|Completed|2023-05-31T18:06:00.647|444450|40.0
555566|333339|222221|1|1|50.0|Completed|2023-11-19T19:03:18.124|444455|45.0
555567|333331|222221|1|1|30.0|Completed|2023-05-31T19:09:46.701|444441|30.0
555568|333331|222221|1|1|50.0|Unsuccessful|2023-10-25T19:10:07.539|444455|45.0
555569|333331|222221|1|1|10.0|Completed|2023-05-31T19:10:35.309|444456|10.0
555570|333331|222221|1|2|10.0|Completed|2023-10-11T19:14:00.070|444457|19.8
555571|333331|222221|2|2|10.0|Completed|2023-05-30T19:15:31.929|444457|39.6
555572|333340|222221|1|5|30.0|Completed|2023-05-31T14:49:32.894|444441|150.0
555573|333331|222221|1|2|30.0|Created|2023-07-09T14:49:32.894|444441|60.0
555574|333331|222221|1|1|30.0|Created|2023-12-18T14:59:32.894|444441|30.0
555575|333331|222222|1|2|30.0|Created|2023-06-04T15:22:30.895|444444|60.0
555576|333331|222227|1|1|30.0|Created|2023-05-30T01:55:24.764|444447|30.0
555577|333331|222221|1|3|30.0|Unsuccessful|2023-10-18T10:10:10.010|444443|90.0
555578|333331|222221|3|2|30.0|Created|2023-07-05T10:10:10.010|444441|180.0
